Iter | Sampling Pol | Evaluation Pol | Best (Sampled) 
   0 -2.33 -4.15 -100000000.00 
   1 -1.59 -3.82 -2.33 
   2 -0.19 -3.63 -1.59 
   3 -0.12 -1.81 -0.19 
   4 -1.62 -0.13 -0.12 
   5  0.05 -1.29 -0.12 
   6  2.42  1.00  0.05 
   7  1.64  0.05  2.42 
   8  6.15  2.09  2.42 
   9  6.10  4.44  6.15 
  10  2.42  5.05  6.15 
  11 10.83  5.03  6.15 
  12  7.16 12.83 10.83 
  13 10.80  3.19 10.83 
  11  4.64 12.28 -100000000.00 
  12  7.75 28.46  4.64 
  13  5.95 18.51  7.75 
  14 12.66 32.91  7.75 
  15  9.45 22.57 12.66 
  16 10.73 31.82 12.66 
  17 36.70 30.79 12.66 
  18 18.43 34.60 36.70 
  19 23.70 35.80 36.70 
  20 27.34 42.55 36.70 
  21 27.62 44.70 36.70 
  22 31.56 53.38 36.70 
  23 36.23 76.77 36.70 
  24 45.22 66.43 36.70 
  25 48.85 83.44 45.22 
  26 38.91 85.32 48.85 
  27 43.82 134.35 48.85 
  28 60.59 104.33 48.85 
  29 78.38 87.03 60.59 
  30 68.65 84.64 78.38 
  31 60.98 73.13 78.38 
  32 62.82 71.97 78.38 
  33 118.68 87.33 78.38 
  34 107.56 137.73 118.68 
  35 126.65 156.88 118.68 
  36 141.67 155.74 126.65 
  37 149.04 208.59 141.67 
  38 175.23 273.42 149.04 
  39 183.52 183.12 175.23 
  40 189.86 229.91 183.52 
  41 230.11 202.80 189.86 
  42 218.47 162.70 230.11 
  43 256.50 285.99 230.11 
  44 257.77 282.98 256.50 
  45 265.12 354.24 257.77 
  46 352.40 341.80 265.12 
  47 298.48 375.59 352.40 
  48 445.31 450.35 352.40 
  49 385.90 565.61 445.31 
  50 502.13 536.97 445.31 
  51 523.82 585.56 502.13 
  52 619.13 655.99 523.82 
  53 616.10 769.89 619.13 
  54 673.60 931.73 619.13 
  55 720.35 1012.72 673.60 
  56 852.74 1253.43 720.35 
  57 944.67 1147.04 852.74 
  58 998.70 1310.33 944.67 
  59 1096.29 1520.05 998.70 
  60 1202.77 1088.95 1096.29 
  61 1218.15 1188.30 1202.77 
  62 1391.03 999.83 1218.15 
  63 1524.75 1489.14 1391.03 
  64 1498.80 1768.04 1524.75 
  65 1554.21 1537.52 1524.75 
  66 1744.00 1504.40 1554.21 
  67 1751.56 1377.95 1744.00 
  68 1831.62 1332.11 1751.56 
  69 2077.20 1659.64 1831.62 
  70 2097.08 1806.03 2077.20 
  71 2291.11 1851.50 2097.08 
  72 2395.36 2027.74 2291.11 
  73 2324.25 2359.43 2395.36 
  74 2376.24 1757.47 2395.36 
  75 2411.61 1934.47 2395.36 
  76 2497.09 2047.75 2411.61 
  77 2622.32 1636.92 2497.09 
  78 2521.88 1919.60 2622.32 
  79 2674.72 2030.77 2622.32 
  80 2652.37 2345.36 2674.72 
  81 2728.77 2471.23 2674.72 
  82 2938.98 2601.33 2728.77 
  83 3055.87 2323.01 2938.98 
  84 2921.94 2678.85 3055.87 
  85 2948.97 2330.84 3055.87 
  86 2986.22 2492.03 3055.87 
  87 3085.03 2518.17 3055.87 
  88 3104.37 2879.63 3085.03 
  89 3307.77 2774.61 3104.37 
  90 3190.56 2975.24 3307.77 
  91 3340.95 2906.88 3307.77 
  92 3235.31 3241.62 3340.95 
  93 3258.33 3516.02 3340.95 
  94 3302.41 3382.17 3340.95 
  95 3277.91 3473.03 3340.95 
  96 3378.09 3573.01 3340.95 
  97 3388.60 3699.15 3378.09 
  98 3217.30 3761.39 3388.60 
  99 3472.21 3707.06 3388.60 
