Iter | Sampling Pol | Evaluation Pol | Best (Sampled) 
   0 -194.32 -93.51 -100000000.00 
   1 -174.31 -28.12 -194.32 
   2 -22.35 -40.97 -174.31 
   3 -92.20 95.45 -22.35 
   4 -18.69 124.35 -22.35 
   5 -42.10 110.96 -18.69 
   6 111.56 111.22 -18.69 
   7 251.22 108.82 111.56 
   8 243.86 107.16 251.22 
   9 214.79 105.47 251.22 
  10 265.10 735.72 251.22 
  11 255.37 357.53 265.10 
  12 561.14 1409.53 265.10 
  13 446.44 1301.01 561.14 
  14 244.13 847.29 561.14 
  15 751.64 1835.62 561.14 
  16 584.03 2033.68 751.64 
  17 783.89 2578.15 751.64 
  18 906.32 1339.92 783.89 
  19 1087.81 4182.98 906.32 
  20 770.02 2433.98 1087.81 
  21 1003.45 1437.08 1087.81 
  22 1414.07 2558.33 1087.81 
  23 1556.87 3745.52 1414.07 
  24 1494.36 4234.64 1556.87 
  25 2312.52 6481.75 1556.87 
  26 2149.19 6291.49 2312.52 
  27 2594.08 12097.53 2312.52 
  28 3127.47 14802.72 2594.08 
  29 3403.35 10643.13 3127.47 
  30 3533.40 11769.12 3403.35 
  31 3798.66 13342.06 3533.40 
  32 5099.62 14195.77 3798.66 
  33 4857.88 14417.55 5099.62 
  34 5577.63 14260.26 5099.62 
  35 5556.75 14146.81 5577.63 
  36 5831.55 14986.81 5577.63 
  37 7396.41 15017.96 5831.55 
  38 7729.91 14782.58 7396.41 
  39 7682.29 15178.20 7729.91 
  40 7979.74 15325.25 7729.91 
  41 9847.37 15367.11 7979.74 
  42 9445.37 14791.82 9847.37 
  43 8900.99 15388.29 9847.37 
  44 9308.08 15613.69 9847.37 
  45 10291.93 15400.58 9847.37 
  46 9738.38 15916.80 10291.93 
  47 10518.94 16014.78 10291.93 
  48 11960.26 16136.63 10518.94 
  49 11741.51 15304.78 11960.26 
  50 11370.65 16051.90 11960.26 
  51 11124.88 16138.04 11960.26 
  52 11889.07 16208.14 11960.26 
  53 12599.76 16176.93 11960.26 
  54 12381.01 16254.95 12599.76 
  55 12704.25 16226.26 12599.76 
  56 12756.61 16393.30 12704.25 
  57 14060.04 16543.42 12756.61 
  58 13326.31 16521.88 14060.04 
  59 13118.47 16463.09 14060.04 
  60 13724.59 16502.33 14060.04 
  61 13569.74 16392.55 14060.04 
  62 14429.24 16611.03 14060.04 
  63 14625.86 16671.46 14429.24 
  64 14286.06 16663.16 14625.86 
  65 14854.93 16651.63 14625.86 
  66 14407.62 16709.73 14854.93 
  67 14649.05 16789.47 14854.93 
  68 14583.06 16640.47 14854.93 
  69 14914.45 16674.96 14854.93 
  70 15404.52 16739.83 14914.45 
  71 15540.00 16699.77 15404.52 
  72 15465.03 16669.23 15540.00 
  73 15539.51 16689.57 15540.00 
  74 16000.37 16706.92 15540.00 
  75 15065.11 16789.84 16000.37 
  76 15580.87 16773.33 16000.37 
  77 15745.28 16793.31 16000.37 
  78 15877.84 16787.58 16000.37 
  79 16074.95 16832.99 16000.37 
  80 16062.60 16895.48 16074.95 
  81 16091.46 16921.83 16074.95 
  82 16389.87 16917.65 16091.46 
  83 16657.78 16912.20 16389.87 
  84 16189.78 16907.06 16657.78 
  85 16369.40 16978.28 16657.78 
  86 15954.85 17038.92 16657.78 
  87 16215.68 17071.29 16657.78 
  88 16554.60 17100.36 16657.78 
  89 16710.44 17086.29 16657.78 
  90 16599.56 17128.32 16710.44 
  91 16441.22 17132.78 16710.44 
  92 16640.68 17143.32 16710.44 
  93 16548.95 17167.88 16710.44 
  94 16545.27 17206.69 16710.44 
  95 16397.55 17266.34 16710.44 
  96 16628.07 17315.64 16710.44 
  97 16906.29 17359.11 16710.44 
  98 16946.86 17405.49 16906.29 
  99 16826.27 17393.13 16946.86 
